100
600
1100
1600
2100
2600
3100
3600
4100
4600
5100
5600
6100
6600
7100
7600
8100
8600
9100
9600
10100
10600
11100
11600
12100
12600
13100
13600
14100
14600
15100
15600
16100
16600
17100
17600
18100
18600
19100
19600
20100
20600
21100
21600
22100
22600
23100
23600
24100
24600
25100
25600
26100
26600
27100
27600
28100
28600
29100
29600
30100
30600
31100
31600
32100
32600
33100
33600
34100
34600
35100
35600
36100
36600
37100
37600
38100
38600
39100
39600
40100
40600
41100
41600
42100
42600
43100
43600
44100
44600
45100
45600
46100
46600
47100
47600
48100
48600
49100
49600
