3
188
427
691
950
1267
1634
2016
2406
2446
2684
3773
3270
3788
3951
4161
4576
4829
5568
5658
5840
6144
7345
6729
7333
7171
7462
8139
8215
8942
8976
9136
9643
10320
10390
11950
11834
11194
11070
11556
12480
12494
13203
13181
13409
13528
13875
13968
14437
14601
14888
15161
15441
15864
15877
16738
18389
22933
25046
29177
35631
26896
29550
25520
20428
20029
21644
21776
24497
24121
20598
21873
21515
21715
21992
22403
22557
22901
22977
25217
25738
28300
28752
36758
36305
27104
27100
26834
27811
26254
27569
26850
27713
27801
27848
28124
28518
28559
29252
29700
