5
8
4
3
4
3
3
3
3
4
4
3
3
3
3
3
3
4
3
3
3
3
3
3
3
3
3
3
3
5
4
4
4
5
5
5
4
4
4
4
4
4
4
4
4
4
4
4
4
4
5
5
4
5
4
4
5
5
4
4
5
4
5
4
5
5
5
5
5
5
5
5
5
5
5
5
5
5
5
5
4
5
5
5
5
5
5
5
5
5
5
5
5
5
5
5
5
5
5
5
5
5
5
5
5
5
5
5
5
5
5
5
5
5
5
5
5
5
5
5
5
5
5
5
5
5
5
5
5
6
5
5
5
5
5
5
5
5
5
5
5
5
5
5
5
5
5
5
5
5
5
5
5
5
5
5
5
10
7
7
7
7
7
7
7
7
7
7
7
7
7
7
7
7
7
7
7
7
7
7
7
7
7
7
7
7
7
7
7
7
7
7
7
7
7
7
7
7
7
7
7
7
7
7
7
7
7
7
7
7
7
7
7
7
7
7
7
7
7
7
7
7
7
7
7
7
7
7
7
7
7
7
7
7
7
7
7
8
7
7
7
7
8
7
7
7
7
8
8
8
8
8
7
8
8
8
7
8
8
8
8
8
7
8
8
8
8
8
8
8
8
8
8
8
8
8
8
7
8
8
8
8
8
8
8
8
8
8
8
8
8
8
8
8
8
8
8
8
8
8
8
8
8
8
8
8
8
8
8
8
8
8
8
8
8
8
8
8
8
8
8
9
8
8
8
8
8
8
8
8
8
8
9
8
9
8
8
9
9
8
8
8
9
8
9
9
9
8
9
9
9
9
8
9
8
9
9
9
9
9
9
8
9
9
9
9
9
9
9
9
15
9
9
27
7
7
7
7
7
7
7
8
7
7
7
8
8
8
8
7
8
7
8
7
8
7
7
7
8
8
8
8
8
8
8
8
8
8
8
8
8
7
8
12
14
10
10
10
10
10
10
10
10
10
10
10
10
10
10
10
10
10
10
10
10
10
10
10
10
10
10
10
10
10
10
10
10
10
10
10
10
10
10
10
10
10
10
10
10
10
10
10
10
10
10
10
10
10
10
10
10
10
10
11
10
10
20
10
10
11
10
12
14
13
15
11
10
11
11
10
11
11
10
11
10
10
11
10
10
11
