1
2
1
3
1
3
1
3
2
4
2
2
4
3
5
3
3
4
4
7
4
4
4
5
9
5
5
5
6
11
6
6
7
9
14
7
7
7
8
8
8
8
8
9
9
9
9
9
10
18
10
10
10
11
11
11
11
11
12
12
12
22
12
13
13
13
13
14
14
14
14
14
14
14
15
15
15
33
16
16
16
34
32
17
17
17
18
18
18
18
18
18
48
35
19
19
19
20
20
20
20
20
38
37
21
21
21
22
22
22
22
22
41
42
23
23
24
24
24
24
24
24
46
45
25
25
26
26
26
26
26
26
27
49
54
27
28
28
28
28
28
28
29
51
53
29
29
30
30
50
31
32
32
60
83
34
33
34
34
34
33
33
34
77
64
34
34
34
34
34
34
34
35
35
67
75
36
36
36
36
36
36
37
37
84
72
38
38
38
38
38
39
39
39
76
76
40
40
40
40
40
40
40
41
76
86
42
42
41
42
42
42
42
43
43
175
87
62
44
44
44
45
44
45
45
84
113
64
46
46
46
47
46
47
47
89
102
48
48
48
48
48
49
49
49
100
94
50
50
50
50
50
51
51
51
51
97
94
52
52
52
52
53
53
55
53
105
100
54
54
54
54
54
55
55
55
133
124
57
56
56
56
57
57
57
57
116
110
58
58
58
59
59
59
59
59
110
109
60
60
60
60
60
61
61
61
61
117
120
63
62
62
63
63
63
63
63
122
118
64
64
64
65
64
65
65
65
123
135
67
66
67
67
67
67
67
67
126
126
69
68
68
68
69
69
69
69
69
134
149
87
90
71
71
71
71
71
72
175
136
73
73
73
73
94
75
75
76
156
160
77
92
75
75
75
75
75
76
144
145
77
76
76
77
77
77
77
78
77
153
163
79
78
79
79
79
79
80
80
149
149
81
81
80
81
81
81
81
82
163
164
83
83
103
103
83
84
83
84
164
177
85
85
85
85
85
85
85
86
86
165
162
88
111
110
87
87
88
88
88
177
167
89
89
89
89
89
89
90
90
179
185
91
90
91
91
92
91
92
91
174
220
93
93
93
93
93
93
94
94
94
175
179
96
95
95
95
95
96
96
96
206
183
98
97
97
97
97
98
98
98
187
190
100
99
99
99
99
99
100
