119
11673
20784
29578
39074
51060
57543
66242
76167
85312
94307
103530
113749
131445
144148
151580
166416
171027
185162
192986
199399
207933
217903
232811
335494
256367
263757
269281
285578
298014
303915
314025
311225
341664
403156
354085
371804
385407
393472
400324
381122
400487
397047
406139
414995
538749
465098
496571
487311
541401
507716
527420
530552
547185
635401
563321
544289
552645
552518
563355
585771
601098
610287
628528
625173
653799
655027
690565
676656
667606
740071
835819
717806
698552
740103
765467
742932
758639
758770
754867
822213
882051
821027
804483
845644
871538
884326
886744
891473
887692
904649
991233
941483
908485
948687
967778
934106
1022433
993501
1005153
