0
0.010174
0.009917
0.009897
0.00998
0.010015
0.010013
0.009972
0.009951
0.009901
0.009896
0.009986
0.009823
0.01002
0.009845
0.010093
0.010136
0.009933
0.009951
0.010047
0.010024
0.010114
0.009985
0.010159
0.010082
0.009863
0.010069
0.009994
0.010177
0.009879
0.01
0.010116
0.009992
0.010111
0.010061
0.009922
0.009977
0.010024
0.01001
0.009928
0.010081
0.00983
0.009833
0.0098
0.009887
0.00998
0.009965
0.009979
0.009997
0.01002
0.009828
0.009984
0.009971
0.010123
0.009848
0.009895
0.010005
0.009964
0.009928
0.009891
0.009878
0.01002
0.009951
0.010189
0.010175
0.009917
0.009914
0.009949
0.010013
0.009998
0.010015
0.009953
0.010019
0.010162
0.010037
0.009956
0.009993
0.010212
0.009922
0.010091
0.010123
0.009968
0.010032
0.009895
0.009967
0.009987
0.009898
0.009984
0.009916
0.010024
0.010074
0.009949
0.010118
0.010027
0.009835
0.009974
0.010125
0.01009
0.009953
0.010004
