0
0
0
0
0
0
0
3e-06
2.5e-05
0.000137
0.00045
0.001403
0.003594
0.007961
0.01543
0.026441
0.042454
0.060147
0.079808
0.097219
0.109437
0.113316
0.108999
0.096774
0.079117
0.060316
0.042057
0.026409
0.015067
0.007959
0.003527
0.001348
0.000464
0.000116
2.2e-05
2e-06
0
0
0
0
0
0
0
0
0
0
0
0
0
0
0
0
0
0
0
0
0
0
0
0
0
0
0
0
0
0
0
0
0
0
0
0
0
0
0
0
0
0
0
0
0
0
0
0
0
0
0
0
0
0
0
0
0
0
0
0
0
0
0
0
0
0
0
0
0
0
0
0
0
0
0
0
0
0
0
0
0
0
0
0
0
0
0
0
0
0
0
0
0
0
0
0
0
0
0
0
0
0
0
0
0
0
0
0
0
0
0
0
0
0
0
0
0
0
0
0
0
0
0
0
0
0
0
0
0
0
0
0
0
0
0
0
0
0
0
0
0
0
0
0
0
0
0
0
0
0
0
0
0
0
0
0
0
0
0
0
0
0
0
0
