100
10100
20100
30100
40100
50100
60100
70100
80100
90100
100100
110100
120100
130100
140100
150100
160100
170100
180100
190100
200100
210100
220100
230100
240100
250100
260100
270100
280100
290100
300100
310100
320100
330100
340100
350100
360100
370100
380100
390100
400100
410100
420100
430100
440100
450100
460100
470100
480100
490100
500100
510100
520100
530100
540100
550100
560100
570100
580100
590100
600100
610100
620100
630100
640100
650100
660100
670100
680100
690100
700100
710100
720100
730100
740100
750100
760100
770100
780100
790100
800100
810100
820100
830100
840100
850100
860100
870100
880100
890100
900100
910100
920100
930100
940100
950100
960100
970100
980100
990100
