3
12096
2
31188
40966
50964
2
70566
80420
89674
99225
111523
118721
127880
136886
149257
159852
167305
185792
261426
206474
228141
225023
228743
251165
266502
267031
273233
449491
298099
297757
298758
313133
323101
327220
343123
343772
355799
2
373639
385332
392707
407763
414549
428830
439582
443065
448667
459319
483009
482163
491993
503825
514829
525355
530389
542737
559290
562627
572256
580497
588030
601270
613863
623049
635027
655238
661888
663211
672089
683778
692083
715089
714486
722090
731477
762624
777977
784715
797618
795362
813979
847858
796601
816319
809818
817969
834750
845907
894820
897912
917571
908529
959446
959443
938110
979762
967856
936876
941045
